  ----------------------------- 
           R A N B O X   2 2    
  ----------------------------- 


  Parameters: 
  ----------------------------- 

  Dataset       = HEPMASS data
  Nsignal      = 200
  Nbackground  = 9800
  NAD          = 27
  PCA          = 0
  Nvar         = 6
  Algorithm    = 5
  Speedup      = 1
  useSB        = 1
  useZPL       = 0
  RegFactor    = 1
  Root file    = OUTPUT/RB22_HEPMASS_698_Ntr1_NS200_NB9800_A5_SP1_R2_SB.root
  maxBoxVolume = 0.5
  maxGDLoops   = 100
  Nremoved     = 0
  id           = 698



Cycle n: 0

  Trial 0: Z = 124.864; Nin, Nexp = 4342, 5618 - Ns_in = 80; SFR = 40; vars= 13 1 12 19 15 18  - SB gain = 0.921234


  Best Z after 37 loops = 124.8 Nin = 4342 Nexp = 5618 Initial Dens. = 4.56
  Z=124.86  Nin=4342  Nex=5618  Ns=80  V=0.4979  SF=40  SBg= 0.921234  Vars=  13 1 12 19 15 18
