  ----------------------------- 
           R A N B O X   2 2    
  ----------------------------- 


  Parameters: 
  ----------------------------- 

  Dataset       = MOCK data
  Nsignal      = 1000
  Nbackground  = 1000
  NAD          = 20
  PCA          = 0
  Nvar         = 8
  Algorithm    = 5
  Speedup      = 1
  useSB        = 1
  useZPL       = 0
  RegFactor    = 1
  Root file    = OUTPUT/RB22_mock_275_Ntr10_NS1000_NB1000_A5_SP1_FiG0.05_FoG0_NG15_SP1_R2_SB.root
  maxBoxVolume = 0.5
  maxGDLoops   = 100
  Fixed gauss  = 1
  Narrow gauss = 1
  Gaussian dims= 15
  Force gauss  = 0
  maxRho       = 0.2
  maxHalfMuR   = 0.35
  Nremoved     = 0
  id           = 275



Cycle n: 0

  Trial 0: Z = -20.0632; Nin, Nexp = 784, 72 - Ns_in = 145; SFR = 14.5; vars= 17 10 6 18 15 3 14 2  - SB gain = 0.369898

  Trial 1: Z = -20.0376; Nin, Nexp = 785, 72 - Ns_in = 145; SFR = 14.5; vars= 15 9 14 3 17 5 12 2  - SB gain = 0.369427

  Trial 2: Z = -19.9614; Nin, Nexp = 788, 72 - Ns_in = 147; SFR = 14.7; vars= 13 14 16 19 4 17 0 15  - SB gain = 0.373096

  Trial 9: Z = -19.8605; Nin, Nexp = 792, 72 - Ns_in = 148; SFR = 14.8; vars= 11 1 19 0 9 7 2 17  - SB gain = 0.373737

  Z=0  Nin=0  Nex=0  Ns=0  V=1  SF=0  SBg= -nan(ind)  Vars=  0 0 0 0 0 0 0 0
  Z=0  Nin=0  Nex=0  Ns=0  V=1  SF=0  SBg= -nan(ind)  Vars=  0 0 0 0 0 0 0 0
  Z=0  Nin=0  Nex=0  Ns=0  V=1  SF=0  SBg= -nan(ind)  Vars=  0 0 0 0 0 0 0 0
  Z=0  Nin=0  Nex=0  Ns=0  V=1  SF=0  SBg= -nan(ind)  Vars=  0 0 0 0 0 0 0 0
  Z=0  Nin=0  Nex=0  Ns=0  V=1  SF=0  SBg= -nan(ind)  Vars=  0 0 0 0 0 0 0 0
  Z=0  Nin=0  Nex=0  Ns=0  V=1  SF=0  SBg= -nan(ind)  Vars=  0 0 0 0 0 0 0 0
  Z=0  Nin=0  Nex=0  Ns=0  V=1  SF=0  SBg= -nan(ind)  Vars=  0 0 0 0 0 0 0 0
  Z=0  Nin=0  Nex=0  Ns=0  V=1  SF=0  SBg= -nan(ind)  Vars=  0 0 0 0 0 0 0 0
  Z=0  Nin=0  Nex=0  Ns=0  V=1  SF=0  SBg= -nan(ind)  Vars=  0 0 0 0 0 0 0 0
  Z=0  Nin=0  Nex=0  Ns=0  V=1  SF=0  SBg= -nan(ind)  Vars=  0 0 0 0 0 0 0 0
