  ----------------------------- 
           R A N B O X   2 2    
  ----------------------------- 


  Parameters: 
  ----------------------------- 

  Dataset       = HEPMASS data
  Nsignal      = 200
  Nbackground  = 9800
  NAD          = 27
  PCA          = 0
  Nvar         = 6
  Algorithm    = 5
  Speedup      = 1
  useSB        = 1
  useZPL       = 0
  RegFactor    = 1
  Root file    = OUTPUT/RB22_HEPMASS_486_Ntr10_NS200_NB9800_A5_SP1_R2_SB.root
  maxBoxVolume = 0.5
  maxGDLoops   = 100
  Nremoved     = 0
  id           = 486



Cycle n: 0

  Trial 0: Z = 126.358; Nin, Nexp = 4212, 5755 - Ns_in = 44; SFR = 22; vars= 8 4 22 0 26 24  - SB gain = 0.522317


  Best Z after 40 loops = 126.3 Nin = 4212 Nexp = 5755 Initial Dens. = 4.56
  Z=126.35  Nin=4212  Nex=5755  Ns=44  V=0.4983  SF=22  SBg= 0.522317  Vars=  8 4 22 0 26 24
  Z=125.59  Nin=4251  Nex=5685  Ns=139  V=0.4968  SF=69.5  SBg= 1.63491  Vars=  12 4 3 20 17 16
  Z=124.34  Nin=4341  Nex=5571  Ns=115  V=0.4955  SF=57.5  SBg= 1.32458  Vars=  7 18 24 11 17 26
  Z=124.11  Nin=4429  Nex=5550  Ns=47  V=0.4989  SF=23.5  SBg= 0.530594  Vars=  10 24 18 22 17 11
  Z=123.98  Nin=4378  Nex=5538  Ns=104  V=0.4958  SF=52  SBg= 1.18776  Vars=  26 16 21 8 13 6
  Z=120.76  Nin=4709  Nex=5251  Ns=105  V=0.498  SF=52.5  SBg= 1.11489  Vars=  9 25 21 6 12 10
  Z=117.88  Nin=5000  Nex=1316  Ns=11  V=0.4999  SF=5.5  SBg= 0.11  Vars=  5 8 16 2 21 17
  Z=117.88  Nin=5000  Nex=1325  Ns=39  V=0.4999  SF=19.5  SBg= 0.39  Vars=  4 17 18 26 10 8
  Z=116.9  Nin=5058  Nex=4916  Ns=87  V=0.4986  SF=43.5  SBg= 0.860024  Vars=  10 5 25 11 9 3
  Z=115.89  Nin=5067  Nex=4830  Ns=94  V=0.4948  SF=47  SBg= 0.927571  Vars=  2 9 12 16 25 17
