  ----------------------------- 
           R A N B O X   2 2    
  ----------------------------- 


  Parameters: 
  ----------------------------- 

  Dataset       = HEPMASS data
  Nsignal      = 200
  Nbackground  = 9800
  NAD          = 27
  PCA          = 0
  Nvar         = 4
  Algorithm    = 5
  Speedup      = 1
  useSB        = 1
  useZPL       = 0
  RegFactor    = 1
  Root file    = OUTPUT/RB22_HEPMASS_997_Ntr10_NS200_NB9800_A5_SP1_R2_SB.root
  maxBoxVolume = 0.5
  maxGDLoops   = 100
  Nremoved     = 0
  id           = 997



Cycle n: 0

  Trial 0: Z = 118.778; Nin, Nexp = 4823, 5077 - Ns_in = 55; SFR = 27.5; vars= 5 25 12 26  - SB gain = 0.570185

  Trial 1: Z = 127.169; Nin, Nexp = 4166, 5830 - Ns_in = 76; SFR = 38; vars= 23 11 8 7  - SB gain = 0.912146


  Best Z after 28 loops = 127.1 Nin = 4166 Nexp = 5830 Initial Dens. = 2.74
  Z=127.16  Nin=4166  Nex=5830  Ns=76  V=0.4998  SF=38  SBg= 0.912146  Vars=  23 11 8 7
  Z=126.43  Nin=4229  Nex=5762  Ns=62  V=0.4995  SF=31  SBg= 0.733034  Vars=  22 15 0 4
  Z=125.77  Nin=4281  Nex=5701  Ns=26  V=0.4991  SF=13  SBg= 0.303667  Vars=  3 26 17 8
  Z=125.03  Nin=4326  Nex=5634  Ns=108  V=0.4979  SF=54  SBg= 1.24827  Vars=  0 26 4 13
  Z=124.92  Nin=4362  Nex=5624  Ns=57  V=0.4993  SF=28.5  SBg= 0.65337  Vars=  7 3 15 18
  Z=122.31  Nin=4564  Nex=5388  Ns=35  V=0.4975  SF=17.5  SBg= 0.383436  Vars=  24 21 1 19
  Z=120.45  Nin=4745  Nex=5223  Ns=31  V=0.4984  SF=15.5  SBg= 0.32666  Vars=  16 8 0 18
  Z=118.77  Nin=4823  Nex=5077  Ns=55  V=0.495  SF=27.5  SBg= 0.570185  Vars=  5 25 12 26
  Z=117.88  Nin=5000  Nex=5000  Ns=75  V=0.5  SF=37.5  SBg= 0.75  Vars=  3 1 19 23
  Z=116.77  Nin=5031  Nex=4905  Ns=10  V=0.4968  SF=5  SBg= 0.0993838  Vars=  0 11 10 6
