  ----------------------------- 
           R A N B O X   2 2    
  ----------------------------- 


  Parameters: 
  ----------------------------- 

  Dataset       = HEPMASS data
  Nsignal      = 200
  Nbackground  = 9800
  NAD          = 27
  PCA          = 0
  Nvar         = 6
  Algorithm    = 5
  Speedup      = 1
  useSB        = 1
  useZPL       = 0
  RegFactor    = 1
  Root file    = OUTPUT/RB22_HEPMASS_701_Ntr1_NS200_NB9800_A5_SP1_R2_SB.root
  maxBoxVolume = 0.5
  maxGDLoops   = 100
  Nremoved     = 0
  id           = 701



Cycle n: 0

  Trial 0: Z = 124.479; Nin, Nexp = 4377, 5583 - Ns_in = 83; SFR = 41.5; vars= 24 13 22 16 21 7  - SB gain = 0.948138


  Best Z after 36 loops = 124.4 Nin = 4377 Nexp = 5583 Initial Dens. = 4.56
  Z=124.47  Nin=4377  Nex=5583  Ns=83  V=0.498  SF=41.5  SBg= 0.948138  Vars=  24 13 22 16 21 7
