  ----------------------------- 
           R A N B O X   2 2    
  ----------------------------- 


  Parameters: 
  ----------------------------- 

  Dataset       = HEPMASS data
  Nsignal      = 200
  Nbackground  = 9800
  NAD          = 27
  PCA          = 0
  Nvar         = 4
  Algorithm    = 5
  Speedup      = 1
  useSB        = 1
  useZPL       = 0
  RegFactor    = 1
  Root file    = OUTPUT/RB22_HEPMASS_617_Ntr10_NS200_NB9800_A5_SP1_R2_SB.root
  maxBoxVolume = 0.5
  maxGDLoops   = 100
  Nremoved     = 0
  id           = 617



Cycle n: 0

  Trial 0: Z = 121.2; Nin, Nexp = 4651, 5289 - Ns_in = 34; SFR = 17; vars= 20 9 10 22  - SB gain = 0.365513

  Trial 1: Z = 130.632; Nin, Nexp = 3804, 6156 - Ns_in = 72; SFR = 36; vars= 7 14 21 4  - SB gain = 0.946372


  Best Z after 35 loops = 130.6 Nin = 3804 Nexp = 6156 Initial Dens. = 2.73
  Z=130.63  Nin=3804  Nex=6156  Ns=72  V=0.498  SF=36  SBg= 0.946372  Vars=  7 14 21 4
  Z=124.83  Nin=4345  Nex=5615  Ns=69  V=0.4979  SF=34.5  SBg= 0.794016  Vars=  6 8 20 17
  Z=124.79  Nin=4367  Nex=5612  Ns=34  V=0.4989  SF=17  SBg= 0.389283  Vars=  5 2 12 16
  Z=122.3  Nin=4525  Nex=5387  Ns=66  V=0.4955  SF=33  SBg= 0.729282  Vars=  24 8 22 2
  Z=121.19  Nin=4651  Nex=5289  Ns=34  V=0.4969  SF=17  SBg= 0.365513  Vars=  20 9 10 22
  Z=120.81  Nin=4697  Nex=5255  Ns=52  V=0.4976  SF=26  SBg= 0.553545  Vars=  17 10 12 15
  Z=119.92  Nin=4720  Nex=5177  Ns=31  V=0.4948  SF=15.5  SBg= 0.32839  Vars=  10 17 8 20
  Z=117.88  Nin=5000  Nex=5000  Ns=50  V=0.5  SF=25  SBg= 0.5  Vars=  2 16 10 14
  Z=116.45  Nin=4912  Nex=4878  Ns=43  V=0.4895  SF=21.5  SBg= 0.437704  Vars=  16 6 12 25
  Z=114.12  Nin=5292  Nex=4682  Ns=15  V=0.4987  SF=7.5  SBg= 0.141723  Vars=  17 19 21 13
