  ----------------------------- 
           R A N B O X   2 2    
  ----------------------------- 


  Parameters: 
  ----------------------------- 

  Dataset       = MOCK data
  Nsignal      = 200
  Nbackground  = 200
  NAD          = 20
  PCA          = 0
  Nvar         = 8
  Algorithm    = 5
  Speedup      = 1
  useSB        = 1
  useZPL       = 0
  RegFactor    = 1
  Root file    = OUTPUT/RB22_mock_446_Ntr10_NS200_NB200_A5_SP1_FiG0.05_FoG0_NG15_SP1_R2_SB.root
  maxBoxVolume = 0.5
  maxGDLoops   = 100
  Fixed gauss  = 1
  Narrow gauss = 1
  Gaussian dims= 15
  Force gauss  = 0
  maxRho       = 0.2
  maxHalfMuR   = 0.35
  Nremoved     = 0
  id           = 446



Cycle n: 0

  Trial 0: Z = 2.44949; Nin, Nexp = 2, 1 - Ns_in = 0; SFR = 0; vars= 16 11 8 14 0 12 4 13  - SB gain = 0

  Trial 1: Z = 8.48528; Nin, Nexp = 6, 1 - Ns_in = 0; SFR = 0; vars= 14 1 2 17 13 4 6 15  - SB gain = 0

  Trial 3: Z = 124.9; Nin, Nexp = 100, 1 - Ns_in = 1; SFR = 0.5; vars= 18 8 10 5 9 2 16 11  - SB gain = 0.02


  Best Z after 42 loops = 124.8 Nin = 100 Nexp = 1 Initial Dens. = 5.95
  Z=124.89  Nin=100  Nex=1  Ns=1  V=0  SF=0.5  SBg= 0.02  Vars=  18 8 10 5 9 2 16 11
  Z=122.47  Nin=100  Nex=1  Ns=0  V=0  SF=0  SBg= 0  Vars=  15 8 12 5 11 2 16 4
  Z=8.48  Nin=6  Nex=1  Ns=0  V=0  SF=0  SBg= 0  Vars=  14 1 2 17 13 4 6 15
  Z=7.49  Nin=5  Nex=1  Ns=0  V=0  SF=0  SBg= 0  Vars=  13 19 16 3 7 11 8 17
  Z=4.24  Nin=3  Nex=1  Ns=0  V=0  SF=0  SBg= 0  Vars=  7 18 11 15 1 9 6 16
  Z=3.67  Nin=3  Nex=1  Ns=0  V=0  SF=0  SBg= 0  Vars=  4 11 7 1 16 19 17 15
  Z=3.67  Nin=3  Nex=1  Ns=0  V=0  SF=0  SBg= 0  Vars=  6 10 8 11 16 5 7 17
  Z=3.46  Nin=2  Nex=1  Ns=0  V=0  SF=0  SBg= 0  Vars=  2 12 10 0 7 4 17 11
  Z=2.44  Nin=2  Nex=1  Ns=0  V=0  SF=0  SBg= 0  Vars=  16 11 8 14 0 12 4 13
  Z=2.44  Nin=2  Nex=1  Ns=0  V=0  SF=0  SBg= 0  Vars=  7 17 9 3 19 0 16 12
