  ----------------------------- 
           R A N B O X   2 2    
  ----------------------------- 


  Parameters: 
  ----------------------------- 

  Dataset       = HEPMASS data
  Nsignal      = 200
  Nbackground  = 9800
  NAD          = 27
  PCA          = 0
  Nvar         = 8
  Algorithm    = 5
  Speedup      = 1
  useSB        = 1
  useZPL       = 0
  RegFactor    = 1
  Root file    = OUTPUT/RB22_HEPMASS_461_Ntr1_NS200_NB9800_A5_SP1_R2_SB.root
  maxBoxVolume = 0.5
  maxGDLoops   = 100
  Nremoved     = 0
  id           = 461



Cycle n: 0

  Trial 0: Z = 124.193; Nin, Nexp = 4439, 5557 - Ns_in = 38; SFR = 19; vars= 11 12 17 3 13 22 6 8  - SB gain = 0.428024


  Best Z after 43 loops = 124.1 Nin = 4439 Nexp = 5557 Initial Dens. = 6.4
  Z=124.19  Nin=4439  Nex=5557  Ns=38  V=0.4998  SF=19  SBg= 0.428024  Vars=  11 12 17 3 13 22 6 8
