  ----------------------------- 
           R A N B O X   2 2    
  ----------------------------- 


  Parameters: 
  ----------------------------- 

  Dataset       = HEPMASS data
  Nsignal      = 200
  Nbackground  = 9800
  NAD          = 27
  PCA          = 0
  Nvar         = 8
  Algorithm    = 5
  Speedup      = 1
  useSB        = 1
  useZPL       = 0
  RegFactor    = 1
  Root file    = OUTPUT/RB22_HEPMASS_546_Ntr10_NS200_NB9800_A5_SP1_R2_SB.root
  maxBoxVolume = 0.5
  maxGDLoops   = 100
  Nremoved     = 0
  id           = 546



Cycle n: 0

  Trial 0: Z = 61.1649; Nin, Nexp = 2898, 1312 - Ns_in = 0; SFR = 0; vars= 15 8 18 21 17 14 2 6  - SB gain = 0

  Trial 1: Z = 70.9798; Nin, Nexp = 2541, 1780 - Ns_in = 0; SFR = 0; vars= 7 13 26 23 24 20 14 22  - SB gain = 0

  Trial 2: Z = 76.1833; Nin, Nexp = 2292, 2057 - Ns_in = 0; SFR = 0; vars= 26 17 23 8 7 0 25 18  - SB gain = 0

  Trial 3: Z = 117.886; Nin, Nexp = 5000, 5000 - Ns_in = 102; SFR = 51; vars= 7 5 9 23 17 2 20 15  - SB gain = 1.02

  Trial 4: Z = 122.381; Nin, Nexp = 4542, 5394 - Ns_in = 54; SFR = 27; vars= 20 19 2 24 15 12 13 18  - SB gain = 0.594452

  Trial 7: Z = 125.193; Nin, Nexp = 4337, 5648 - Ns_in = 55; SFR = 27.5; vars= 16 7 0 4 21 26 22 8  - SB gain = 0.634079

  Trial 9: Z = 126.369; Nin, Nexp = 4202, 5756 - Ns_in = 37; SFR = 18.5; vars= 14 3 25 0 8 16 13 17  - SB gain = 0.440267


  Best Z after 57 loops = 126.3 Nin = 4202 Nexp = 5756 Initial Dens. = 6.4
  Z=126.36  Nin=4202  Nex=5756  Ns=37  V=0.4978  SF=18.5  SBg= 0.440267  Vars=  14 3 25 0 8 16 13 17
  Z=125.19  Nin=4337  Nex=5648  Ns=55  V=0.4992  SF=27.5  SBg= 0.634079  Vars=  16 7 0 4 21 26 22 8
  Z=122.38  Nin=4542  Nex=5394  Ns=54  V=0.4968  SF=27  SBg= 0.594452  Vars=  20 19 2 24 15 12 13 18
  Z=121.05  Nin=4682  Nex=5276  Ns=15  V=0.4979  SF=7.5  SBg= 0.160188  Vars=  0 19 9 3 4 1 8 5
  Z=117.88  Nin=5000  Nex=917  Ns=102  V=0.4999  SF=51  SBg= 1.02  Vars=  7 5 9 23 17 2 20 15
  Z=117.88  Nin=5000  Nex=593  Ns=104  V=0.4999  SF=52  SBg= 1.04  Vars=  6 1 10 18 13 5 22 4
  Z=76.18  Nin=2292  Nex=2057  Ns=0  V=0.018  SF=0  SBg= 0  Vars=  26 17 23 8 7 0 25 18
  Z=70.97  Nin=2541  Nex=1780  Ns=0  V=0.0164  SF=0  SBg= 0  Vars=  7 13 26 23 24 20 14 22
  Z=61.16  Nin=2898  Nex=1312  Ns=0  V=0.0021  SF=0  SBg= 0  Vars=  15 8 18 21 17 14 2 6
  Z=60.96  Nin=2996  Nex=1303  Ns=0  V=0.002  SF=0  SBg= 0  Vars=  13 16 25 19 5 23 22 18
