  ----------------------------- 
           R A N B O X   2 2    
  ----------------------------- 


  Parameters: 
  ----------------------------- 

  Dataset       = MOCK data
  Nsignal      = 2000
  Nbackground  = 2000
  NAD          = 20
  PCA          = 0
  Nvar         = 8
  Algorithm    = 5
  Speedup      = 1
  useSB        = 1
  useZPL       = 0
  RegFactor    = 1
  Root file    = OUTPUT/RB22_mock_465_Ntr10_NS2000_NB2000_A5_SP1_FiG0.05_FoG0_NG15_SP1_R2_SB.root
  maxBoxVolume = 0.5
  maxGDLoops   = 100
  Fixed gauss  = 1
  Narrow gauss = 1
  Gaussian dims= 15
  Force gauss  = 0
  maxRho       = 0.2
  maxHalfMuR   = 0.35
  Nremoved     = 0
  id           = 465



Cycle n: 0

  Trial 0: Z = -27.4249; Nin, Nexp = 1573, 144 - Ns_in = 717; SFR = 35.85; vars= 0 5 19 10 6 3 11 18  - SB gain = 0.911634

  Trial 1: Z = -27.2688; Nin, Nexp = 1582, 144 - Ns_in = 718; SFR = 35.9; vars= 0 12 16 18 11 1 14 9  - SB gain = 0.907712

  Trial 2: Z = -27.1316; Nin, Nexp = 1590, 144 - Ns_in = 720; SFR = 36; vars= 6 18 3 2 16 15 7 12  - SB gain = 0.90566

  Z=0  Nin=0  Nex=0  Ns=0  V=1  SF=0  SBg= -nan(ind)  Vars=  0 0 0 0 0 0 0 0
  Z=0  Nin=0  Nex=0  Ns=0  V=1  SF=0  SBg= -nan(ind)  Vars=  0 0 0 0 0 0 0 0
  Z=0  Nin=0  Nex=0  Ns=0  V=1  SF=0  SBg= -nan(ind)  Vars=  0 0 0 0 0 0 0 0
  Z=0  Nin=0  Nex=0  Ns=0  V=1  SF=0  SBg= -nan(ind)  Vars=  0 0 0 0 0 0 0 0
  Z=0  Nin=0  Nex=0  Ns=0  V=1  SF=0  SBg= -nan(ind)  Vars=  0 0 0 0 0 0 0 0
  Z=0  Nin=0  Nex=0  Ns=0  V=1  SF=0  SBg= -nan(ind)  Vars=  0 0 0 0 0 0 0 0
  Z=0  Nin=0  Nex=0  Ns=0  V=1  SF=0  SBg= -nan(ind)  Vars=  0 0 0 0 0 0 0 0
  Z=0  Nin=0  Nex=0  Ns=0  V=1  SF=0  SBg= -nan(ind)  Vars=  0 0 0 0 0 0 0 0
  Z=0  Nin=0  Nex=0  Ns=0  V=1  SF=0  SBg= -nan(ind)  Vars=  0 0 0 0 0 0 0 0
  Z=0  Nin=0  Nex=0  Ns=0  V=1  SF=0  SBg= -nan(ind)  Vars=  0 0 0 0 0 0 0 0
