  ----------------------------- 
           R A N B O X   2 2    
  ----------------------------- 


  Parameters: 
  ----------------------------- 

  Dataset       = HEPMASS data
  Nsignal      = 200
  Nbackground  = 9800
  NAD          = 27
  PCA          = 0
  Nvar         = 6
  Algorithm    = 5
  Speedup      = 1
  useSB        = 1
  useZPL       = 0
  RegFactor    = 1
  Root file    = OUTPUT/RB22_HEPMASS_633_Ntr2_NS200_NB9800_A5_SP1_R2_SB.root
  maxBoxVolume = 0.5
  maxGDLoops   = 100
  Nremoved     = 0
  id           = 633



Cycle n: 0

  Trial 0: Z = 124.513; Nin, Nexp = 4330, 5586 - Ns_in = 18; SFR = 9; vars= 9 22 24 11 19 14  - SB gain = 0.207852


  Best Z after 38 loops = 124.5 Nin = 4330 Nexp = 5586 Initial Dens. = 4.56
  Z=124.51  Nin=4330  Nex=5586  Ns=18  V=0.4957  SF=9  SBg= 0.207852  Vars=  9 22 24 11 19 14
  Z=123.25  Nin=4464  Nex=5472  Ns=39  V=0.4968  SF=19.5  SBg= 0.436828  Vars=  26 20 14 3 25 22
