  ----------------------------- 
           R A N B O X   2 2    
  ----------------------------- 


  Parameters: 
  ----------------------------- 

  Dataset       = MOCK data
  Nsignal      = 1000
  Nbackground  = 1000
  NAD          = 20
  PCA          = 0
  Nvar         = 8
  Algorithm    = 5
  Speedup      = 1
  useSB        = 1
  useZPL       = 0
  RegFactor    = 1
  Root file    = OUTPUT/RB22_mock_9_Ntr10_NS1000_NB1000_A5_SP1_FiG0.05_FoG0_NG15_SP1_R2_SB.root
  maxBoxVolume = 0.5
  maxGDLoops   = 100
  Fixed gauss  = 1
  Narrow gauss = 1
  Gaussian dims= 15
  Force gauss  = 0
  maxRho       = 0.2
  maxHalfMuR   = 0.35
  Nremoved     = 0
  id           = 9



Cycle n: 0

  Trial 0: Z = -20.0376; Nin, Nexp = 785, 72 - Ns_in = 87; SFR = 8.7; vars= 5 7 14 19 11 2 12 15  - SB gain = 0.221656

  Trial 1: Z = -19.9867; Nin, Nexp = 787, 72 - Ns_in = 87; SFR = 8.7; vars= 4 16 7 0 9 18 15 3  - SB gain = 0.221093

  Trial 8: Z = -19.9614; Nin, Nexp = 788, 72 - Ns_in = 88; SFR = 8.8; vars= 12 4 0 5 18 19 7 6  - SB gain = 0.22335

  Z=0  Nin=0  Nex=0  Ns=0  V=1  SF=0  SBg= -nan(ind)  Vars=  0 0 0 0 0 0 0 0
  Z=0  Nin=0  Nex=0  Ns=0  V=1  SF=0  SBg= -nan(ind)  Vars=  0 0 0 0 0 0 0 0
  Z=0  Nin=0  Nex=0  Ns=0  V=1  SF=0  SBg= -nan(ind)  Vars=  0 0 0 0 0 0 0 0
  Z=0  Nin=0  Nex=0  Ns=0  V=1  SF=0  SBg= -nan(ind)  Vars=  0 0 0 0 0 0 0 0
  Z=0  Nin=0  Nex=0  Ns=0  V=1  SF=0  SBg= -nan(ind)  Vars=  0 0 0 0 0 0 0 0
  Z=0  Nin=0  Nex=0  Ns=0  V=1  SF=0  SBg= -nan(ind)  Vars=  0 0 0 0 0 0 0 0
  Z=0  Nin=0  Nex=0  Ns=0  V=1  SF=0  SBg= -nan(ind)  Vars=  0 0 0 0 0 0 0 0
  Z=0  Nin=0  Nex=0  Ns=0  V=1  SF=0  SBg= -nan(ind)  Vars=  0 0 0 0 0 0 0 0
  Z=0  Nin=0  Nex=0  Ns=0  V=1  SF=0  SBg= -nan(ind)  Vars=  0 0 0 0 0 0 0 0
  Z=0  Nin=0  Nex=0  Ns=0  V=1  SF=0  SBg= -nan(ind)  Vars=  0 0 0 0 0 0 0 0
