  ----------------------------- 
           R A N B O X   2 2    
  ----------------------------- 


  Parameters: 
  ----------------------------- 

  Dataset       = MOCK data
  Nsignal      = 1000
  Nbackground  = 1000
  NAD          = 20
  PCA          = 0
  Nvar         = 8
  Algorithm    = 5
  Speedup      = 1
  useSB        = 1
  useZPL       = 0
  RegFactor    = 1
  Root file    = OUTPUT/RB22_mock_458_Ntr10_NS1000_NB1000_A5_SP1_FiG0.05_FoG0_NG15_SP1_R2_SB.root
  maxBoxVolume = 0.5
  maxGDLoops   = 100
  Fixed gauss  = 1
  Narrow gauss = 1
  Gaussian dims= 15
  Force gauss  = 0
  maxRho       = 0.2
  maxHalfMuR   = 0.35
  Nremoved     = 0
  id           = 458



Cycle n: 0

  Trial 0: Z = -19.9614; Nin, Nexp = 788, 72 - Ns_in = 173; SFR = 17.3; vars= 19 8 1 18 9 12 7 11  - SB gain = 0.439086

  Trial 1: Z = -19.9108; Nin, Nexp = 790, 72 - Ns_in = 174; SFR = 17.4; vars= 6 19 15 13 0 18 11 9  - SB gain = 0.440506

  Trial 9: Z = -19.8856; Nin, Nexp = 791, 72 - Ns_in = 175; SFR = 17.5; vars= 7 18 1 16 12 4 13 2  - SB gain = 0.442478

  Z=0  Nin=0  Nex=0  Ns=0  V=1  SF=0  SBg= -nan(ind)  Vars=  0 0 0 0 0 0 0 0
  Z=0  Nin=0  Nex=0  Ns=0  V=1  SF=0  SBg= -nan(ind)  Vars=  0 0 0 0 0 0 0 0
  Z=0  Nin=0  Nex=0  Ns=0  V=1  SF=0  SBg= -nan(ind)  Vars=  0 0 0 0 0 0 0 0
  Z=0  Nin=0  Nex=0  Ns=0  V=1  SF=0  SBg= -nan(ind)  Vars=  0 0 0 0 0 0 0 0
  Z=0  Nin=0  Nex=0  Ns=0  V=1  SF=0  SBg= -nan(ind)  Vars=  0 0 0 0 0 0 0 0
  Z=0  Nin=0  Nex=0  Ns=0  V=1  SF=0  SBg= -nan(ind)  Vars=  0 0 0 0 0 0 0 0
  Z=0  Nin=0  Nex=0  Ns=0  V=1  SF=0  SBg= -nan(ind)  Vars=  0 0 0 0 0 0 0 0
  Z=0  Nin=0  Nex=0  Ns=0  V=1  SF=0  SBg= -nan(ind)  Vars=  0 0 0 0 0 0 0 0
  Z=0  Nin=0  Nex=0  Ns=0  V=1  SF=0  SBg= -nan(ind)  Vars=  0 0 0 0 0 0 0 0
  Z=0  Nin=0  Nex=0  Ns=0  V=1  SF=0  SBg= -nan(ind)  Vars=  0 0 0 0 0 0 0 0
