  ----------------------------- 
           R A N B O X   2 2    
  ----------------------------- 


  Parameters: 
  ----------------------------- 

  Dataset       = HEPMASS data
  Nsignal      = 200
  Nbackground  = 9800
  NAD          = 27
  PCA          = 0
  Nvar         = 6
  Algorithm    = 5
  Speedup      = 1
  useSB        = 1
  useZPL       = 0
  RegFactor    = 1
  Root file    = OUTPUT/RB22_HEPMASS_559_Ntr2_NS200_NB9800_A5_SP1_R2_SB.root
  maxBoxVolume = 0.5
  maxGDLoops   = 100
  Nremoved     = 0
  id           = 559



Cycle n: 0

  Trial 0: Z = 124.875; Nin, Nexp = 4288, 5619 - Ns_in = 128; SFR = 64; vars= 9 8 2 4 22 0  - SB gain = 1.49254


  Best Z after 37 loops = 124.8 Nin = 4288 Nexp = 5619 Initial Dens. = 4.56
  Z=124.87  Nin=4288  Nex=5619  Ns=128  V=0.4953  SF=64  SBg= 1.49254  Vars=  9 8 2 4 22 0
  Z=114.77  Nin=5171  Nex=4736  Ns=11  V=0.4953  SF=5.5  SBg= 0.106362  Vars=  13 25 19 9 5 12
