  ----------------------------- 
           R A N B O X   2 2    
  ----------------------------- 


  Parameters: 
  ----------------------------- 

  Dataset       = HEPMASS data
  Nsignal      = 200
  Nbackground  = 9800
  NAD          = 27
  PCA          = 0
  Nvar         = 6
  Algorithm    = 5
  Speedup      = 1
  useSB        = 1
  useZPL       = 0
  RegFactor    = 1
  Root file    = OUTPUT/RB22_HEPMASS_515_Ntr10_NS200_NB9800_A5_SP1_R2_SB.root
  maxBoxVolume = 0.5
  maxGDLoops   = 100
  Nremoved     = 0
  id           = 515



Cycle n: 0

  Trial 0: Z = 116.199; Nin, Nexp = 5070, 4856 - Ns_in = 20; SFR = 10; vars= 2 10 8 13 5 3  - SB gain = 0.197239

  Trial 1: Z = 123.152; Nin, Nexp = 4524, 5463 - Ns_in = 55; SFR = 27.5; vars= 22 3 10 17 2 19  - SB gain = 0.607869

  Trial 5: Z = 124.016; Nin, Nexp = 4419, 5541 - Ns_in = 51; SFR = 25.5; vars= 9 5 1 11 19 0  - SB gain = 0.577054

  Trial 6: Z = 127.147; Nin, Nexp = 4100, 5828 - Ns_in = 39; SFR = 19.5; vars= 1 0 15 24 19 21  - SB gain = 0.47561


  Best Z after 38 loops = 127.1 Nin = 4100 Nexp = 5828 Initial Dens. = 4.56
  Z=127.14  Nin=4100  Nex=5828  Ns=39  V=0.4963  SF=19.5  SBg= 0.47561  Vars=  1 0 15 24 19 21
  Z=124.39  Nin=4403  Nex=5575  Ns=27  V=0.4988  SF=13.5  SBg= 0.306609  Vars=  3 25 26 7 24 22
  Z=124.38  Nin=4394  Nex=5574  Ns=47  V=0.4984  SF=23.5  SBg= 0.53482  Vars=  20 26 23 3 2 14
  Z=124.01  Nin=4419  Nex=5541  Ns=51  V=0.498  SF=25.5  SBg= 0.577054  Vars=  9 5 1 11 19 0
  Z=123.75  Nin=4443  Nex=5517  Ns=37  V=0.4979  SF=18.5  SBg= 0.416385  Vars=  14 11 1 21 16 24
  Z=123.15  Nin=4524  Nex=5463  Ns=55  V=0.4993  SF=27.5  SBg= 0.607869  Vars=  22 3 10 17 2 19
  Z=120.56  Nin=4763  Nex=5233  Ns=28  V=0.4998  SF=14  SBg= 0.293932  Vars=  3 11 16 19 12 20
  Z=117.88  Nin=5000  Nex=5000  Ns=89  V=0.5  SF=44.5  SBg= 0.89  Vars=  8 21 3 7 16 2
  Z=117.88  Nin=5000  Nex=1762  Ns=39  V=0.5  SF=19.5  SBg= 0.39  Vars=  18 6 0 26 20 17
  Z=116.19  Nin=5070  Nex=4856  Ns=20  V=0.4963  SF=10  SBg= 0.197239  Vars=  2 10 8 13 5 3
