  ----------------------------- 
           R A N B O X   2 2    
  ----------------------------- 


  Parameters: 
  ----------------------------- 

  Dataset       = HEPMASS data
  Nsignal      = 200
  Nbackground  = 9800
  NAD          = 27
  PCA          = 0
  Nvar         = 6
  Algorithm    = 5
  Speedup      = 1
  useSB        = 1
  useZPL       = 0
  RegFactor    = 1
  Root file    = OUTPUT/RB22_HEPMASS_523_Ntr1_NS200_NB9800_A5_SP1_R2_SB.root
  maxBoxVolume = 0.5
  maxGDLoops   = 100
  Nremoved     = 0
  id           = 523



Cycle n: 0

  Trial 0: Z = 120.44; Nin, Nexp = 4746, 5222 - Ns_in = 45; SFR = 22.5; vars= 14 16 11 2 10 24  - SB gain = 0.474083


  Best Z after 47 loops = 120.4 Nin = 4746 Nexp = 5222 Initial Dens. = 4.55
  Z=120.43  Nin=4746  Nex=5222  Ns=45  V=0.4983  SF=22.5  SBg= 0.474083  Vars=  14 16 11 2 10 24
